-0.000527345	0.001012910	-0.003142968
-0.000446067	0.000148955	-0.001802640
-0.000459630	0.000775195	-0.002539156
-0.000791772	0.000874376	-0.002983226
-0.000609563	0.000277586	-0.001861688
-0.000679591	0.000830379	-0.002389503
-0.000649995	-0.000094129	-0.002431736
-0.000941241	0.000682747	-0.002277771
-0.001039190	0.000750149	-0.002152810

1.14368142968143 0.609673271173271 0.0562513597513597 0.617158508158508 
0.692189588189588  -0.0479545454545454 	0.507310411810412 0.769386169386170 
-0.0834153069153069 0.515898212898213 0.976766899766900 0.0130975135975136 
0.364971250971251 0.861651903651904 -0.271137529137529 -0.297439393939394 
0.322742035742036 -0.698938228438228 -0.843456099456099 -0.355039627039627  
-0.998076923076923 -1.19888228438228 -0.552753690753691 -1.13806099456099 
-1.73891880341880 -1.08763014763015 -1.38279059829060 -2.03556682206682

-0.931140637140637  -0.714162781662782  -0.517490675990676 -0.398232323232323  
-0.199021367521368  -0.165386169386169 -0.0908675213675214  -0.0839580419580420 	
0.0282420357420358 	0.0411989121989122 0.119237373737374 0.115680652680653 	
0.0979013209013208 	0.0545361305361305 0.0181693861693862 -0.0538073038073038 
-0.0380947940947941  -0.0923865578865579 -0.128956487956488 -0.182970862470863 
-0.291520202020202  -0.408489121989122 -0.585951437451438 -0.652127039627040  
-0.867551670551670  -0.981773115773116 -1.22885431235431 -1.61508864696734