-0.000606384	0.000586427	-0.002704314
-0.000661471	0.000330211	-0.002354078
-0.000710840	0.000417470	-0.001971019
-0.000745678	0.000427709	-0.002579389
-0.000887579	0.000428312	-0.002412882
-0.000932614	0.000366458	-0.002007251
-0.000948159	0.000394637	-0.002662084
-0.000981283	0.000333100	-0.002503937
-0.001112687	0.000387392	-0.002036292

0.918444444444445	0.390000000000000	-0.0506574074074074	0.577129629629630	
0.686277777777778	-0.00500925925925926	0.700583333333333	0.961435185185185	
0.0731759259259259	0.539685185185185	1.00374074074074	0.0196111111111111	
0.376740740740741	0.956370370370370	-0.124250000000000	-0.00520370370370370	
0.416009259259259	-0.422879629629630	-0.398083333333333	0.0829907407407407	
-0.611935185185185	-0.759157407407407	-0.00922222222222221	-0.628916666666667	
-0.777111111111111	-0.333370370370370	-0.585388888888889	-1.31935185185185

-1.14457407407407	-0.962574074074074	-0.816638888888889	-0.604231481481482	
-0.555981481481482	-0.309370370370370	-0.257583333333333	-0.218342592592593	
-0.158046296296296	-0.100546296296296	-0.0741203703703704	-0.0153888888888889	
-0.0910185185185185	-0.0114166666666667	0.0184814814814815	-0.0634629629629630	
-0.0186944444444444	-0.125685185185185	-0.181277777777778	-0.169175925925926	
-0.192370370370370	-0.328416666666667	-0.402935185185185	-0.401944444444444	
-0.710462962962963	-0.999398148148148	-1.10421296296296	-1.29067592592593
