11154.9980   0.01221837
11160.0107   0.01190773
11164.9902   0.01183870
11170.0000   0.01273610
11175.0107   0.01228740
11179.9883   0.01270158
11184.9990   0.01297770
11190.0088   0.01214934
11194.9854   0.01256352
11199.9922   0.01197677
11205.0000   0.01190773
11210.0068   0.01304673
11215.0146   0.01328834
11219.9883   0.01318480
11224.9941   0.01418574
11229.9990   0.01425476
11235.0039   0.01494507
11240.0078   0.01566989
11245.0107   0.01522119
11250.0156   0.01542828
11254.9854   0.01560086
11259.9883   0.01522119
11264.9902   0.01542828
11269.9912   0.01532474
11274.9912   0.01532474
11279.9922   0.01553182
11284.9912   0.01549731
11289.9902   0.01524702
11294.9893   0.01634362
11299.9873   0.01773837
11304.9844   0.01863178
11310.0146   0.01983066
11315.0117   0.02190877
11320.0068   0.02348108
11325.0029   0.02635569
11329.9980   0.02970323
11334.9932   0.03254615
11339.9863   0.03744115
11345.0137   0.04139145
11350.0049   0.04507899
11354.9980   0.05000437
11359.9912   0.05569136
11365.0146   0.06035817
11370.0068   0.06667964
11374.9961   0.07329077
11379.9863   0.08046060
11385.0088   0.08967552
11389.9980   0.09918112
11394.9854   0.10770149
11400.0059   0.11828464
11404.9941   0.12890965
11410.0127   0.13901508
11414.9990   0.14869940
11419.9863   0.15845133
11425.0039   0.16967039
11429.9893   0.18279189
11435.0059   0.19505297
11439.9893   0.20518050
11445.0039   0.21839844
11449.9873   0.23403379
11455.0020   0.25126848
11460.0156   0.26781893
11464.9971   0.28139317
11470.0107   0.29629740
11474.9902   0.31390178
11480.0029   0.32976419
11485.0137   0.34501049
11489.9932   0.36130130
11495.0039   0.37870926
11500.0137   0.40043873
11504.9902   0.42592406
11509.9990   0.45296165
11515.0078   0.47933254
11519.9834   0.50879037
11524.9922   0.53900534
11529.9971   0.56845993
11535.0039   0.59754503
11540.0098   0.62236607
11545.0146   0.65089774
11549.9863   0.67656851
11554.9912   0.70448589
11559.9961   0.73004317
11564.9980   0.75339013
11570.0010   0.77657264
11575.0039   0.79723823
11580.0039   0.81539708
11585.0059   0.83480859
11590.0068   0.84970337
11595.0059   0.86326504
11600.0059   0.88001007
11605.0049   0.89525467
11610.0029   0.91058165
11615.0010   0.92665023
11619.9980   0.94283313
11624.9951   0.95710278
11629.9912   0.96673739
11634.9873   0.97758597
11640.0137   0.98451030
11645.0107   0.99292898
11650.0029   0.99429888
11654.9961   0.99495530
11659.9912   0.99510652
11665.0146   1.00000000
11670.0068   0.99819952
11674.9990   0.99797988
11679.9893   0.99588186
11685.0127   0.99495143
11690.0020   0.99357939
11694.9912   0.99389946
11700.0127   0.98846376
11705.0010   0.98693144
11709.9893   0.98269320
11715.0068   0.97992229
11719.9951   0.97550625
11725.0127   0.97365892
11729.9980   0.96848100
11735.0156   0.96357954
11740.0000   0.95847064
11744.9844   0.95581049
11750.0000   0.95185339
11755.0156   0.95145792
11759.9980   0.94977492
11765.0117   0.94839656
11769.9932   0.95036942
11775.0059   0.94764894
11779.9854   0.94963384
11784.9980   0.94623202
11790.0098   0.94413304
11794.9863   0.94001323
11799.9990   0.93594313
11805.0078   0.93204635
11809.9844   0.93315083
11814.9932   0.92737788
11820.0020   0.92736697
11825.0088   0.92391849
11829.9834   0.92165262
11834.9912   0.92146415
11839.9961   0.91869205
11845.0010   0.91568339
11850.0068   0.91418844
11855.0107   0.91345137
11860.0137   0.91201544
11864.9844   0.90999126
11869.9883   0.90738636
11874.9902   0.90507591
11879.9902   0.90488636
11884.9912   0.90481627
11889.9932   0.90283126
11894.9932   0.90071774
11899.9912   0.89836270
11904.9902   0.89464217
11909.9893   0.89156735
11914.9863   0.88664746
11919.9834   0.88015389
11925.0127   0.87697059
11930.0078   0.87540334
11935.0029   0.87488747
11939.9980   0.87157196
11944.9932   0.87113029
11949.9873   0.86895686
11955.0117   0.86821318
11960.0049   0.86562419
11964.9971   0.86436152
11969.9893   0.86169970
11975.0117   0.86160481
11980.0029   0.86011469
11984.9912   0.85768002
11990.0127   0.85435855
11995.0020   0.85392439
11999.9912   0.85116625
12005.0098   0.85030329
12009.9961   0.84952396
12015.0156   0.84771252
12020.0020   0.85152918
12024.9873   0.85356855
12030.0039   0.85262090
12034.9893   0.85186380
12040.0039   0.85328048
12044.9883   0.85453480
12050.0029   0.85609812
12054.9844   0.85397017
12059.9980   0.85630637
12065.0107   0.86003178
12069.9912   0.85936928
12075.0029   0.85683346
12080.0146   0.85837722
12084.9932   0.85750473
12090.0020   0.85458624
12095.0137   0.85377121
12099.9902   0.85088706
12104.9971   0.85083020
12110.0068   0.85346764
12115.0137   0.85039020
12119.9883   0.85004842
12124.9951   0.85065854
12130.0000   0.84670168
12135.0049   0.84626061
12140.0098   0.84676796
12145.0146   0.84427840
12149.9854   0.84749919
12154.9883   0.84913057
12159.9912   0.84916228
12164.9912   0.84990543
12169.9932   0.85033798
12174.9932   0.85212499
12179.9941   0.85268110
12184.9932   0.85129023
12189.9922   0.85059237
12194.9912   0.85159236
12199.9873   0.85392725
12204.9854   0.85388726
12210.0146   0.85394460
12215.0088   0.85369617
12220.0049   0.85189372
12225.0000   0.85069317
12229.9932   0.85278535
12234.9883   0.85231304
12240.0127   0.85362285
12245.0049   0.85390264
12249.9971   0.85286301
12254.9883   0.85514307
12260.0098   0.85598493
12265.0010   0.85038847
12269.9922   0.84822953
12275.0117   0.84621489
12280.0010   0.84325796
12284.9883   0.84285474
12290.0068   0.83832085
12294.9951   0.83810323
12300.0127   0.84154499
12304.9990   0.84148574
12310.0146   0.83885515
12314.9990   0.83769298
12320.0156   0.83670419
12324.9980   0.83649367
12330.0127   0.83633304
12334.9951   0.83257747
12340.0088   0.83079016
12344.9893   0.83128929
12350.0010   0.83193398
12355.0127   0.83137989
12359.9912   0.83081502
12365.0020   0.82935494
12370.0127   0.82797849
12374.9902   0.82550502
12379.9990   0.82142800
12385.0078   0.81707764
12390.0137   0.81839007
12394.9893   0.81808084
12399.9961   0.81175643
12405.0020   0.80873930
12410.0068   0.80671328
12415.0107   0.80699182
12419.9834   0.80649096
12424.9883   0.80063462
12429.9902   0.79628938
12434.9922   0.79526573
12439.9941   0.79456306
12444.9951   0.79630327
12449.9961   0.79542577
12454.9951   0.79211193
12459.9941   0.79198003
12464.9922   0.78823292
12469.9912   0.78840804
12474.9883   0.78760886
12479.9863   0.77999967
12485.0137   0.77445769
12490.0088   0.77167588
12495.0049   0.76768720
12499.9980   0.76794672
12504.9932   0.76222491
12509.9863   0.75819755
12515.0107   0.75997257
12520.0029   0.75750887
12524.9951   0.75293374
12529.9854   0.74997044
12535.0078   0.74595648
12539.9971   0.74202639
12544.9863   0.73599869
12550.0068   0.72939819
12554.9941   0.72604567
12560.0146   0.72469294
12565.0000   0.71649778
12569.9854   0.70857692
12575.0039   0.70360774
12579.9893   0.69944054
12585.0049   0.69286948
12589.9902   0.68438375
12595.0039   0.67832839
12599.9863   0.67210621
12605.0010   0.66449076
12610.0127   0.65584642
12614.9941   0.64531273
12620.0049   0.63839024
12624.9854   0.63143229
12629.9961   0.61799031
12635.0059   0.60865885
12640.0156   0.59848273
12644.9922   0.59033877
12650.0010   0.58048552
12655.0078   0.57317722
12659.9844   0.56545871
12664.9902   0.56184018
12669.9951   0.55622721
12675.0000   0.54913980
12680.0068   0.54338789
12685.0088   0.54023892
12690.0137   0.53446352
12694.9834   0.52003229
12699.9863   0.50330955
12704.9883   0.48774120
12709.9893   0.46930805
12714.9893   0.44795468
12719.9883   0.42688251
12724.9863   0.39962515
12729.9863   0.38027245
12735.0156   0.36235389
12740.0117   0.34212413
12745.0088   0.32796595
12750.0049   0.30999553
12755.0000   0.28986621
12759.9951   0.27381605
12764.9893   0.25817126
12770.0146   0.24234752
12775.0068   0.22689065
12780.0000   0.21210487
12784.9922   0.19949871
12790.0146   0.18724862
12795.0049   0.17593698
12799.9932   0.16261323
12805.0156   0.15116505
12810.0029   0.14013329
12814.9912   0.12914786
12820.0107   0.11879732
12824.9971   0.11035758
12829.9834   0.10037523
12835.0000   0.09327894
12839.9863   0.08504853
12845.0020   0.07848586
12850.0166   0.07200483
12854.9980   0.06548345
12860.0127   0.05954283
12864.9951   0.05420997
12870.0078   0.04910840
12874.9873   0.04395524
12880.0000   0.03922445
12885.0098   0.03481444
12889.9893   0.03122292
12894.9971   0.02843754
12900.0078   0.02586064
12905.0146   0.02339508
12909.9912   0.02136048
12914.9990   0.01937320
12920.0039   0.01750887
