 3679.9966   0.00133575
 3682.0000   0.00124034
 3684.0022   0.00114493
 3685.9968   0.00104952
 3687.9983   0.00114493
 3689.9995   0.00104952
 3692.0000   0.00104952
 3694.0000   0.00114493
 3695.9995   0.00124034
 3697.9983   0.00124034
 3699.9971   0.00133575
 3702.0022   0.00133575
 3703.9995   0.00152658
 3705.9966   0.00133575
 3708.0005   0.00124034
 3709.9961   0.00124034
 3711.9990   0.00124034
 3714.0017   0.00133575
 3716.0037   0.00124034
 3717.9973   0.00124034
 3719.9978   0.00133575
 3721.9980   0.00143116
 3723.9973   0.00133575
 3725.9968   0.00143116
 3728.0032   0.00143116
 3730.0012   0.00143116
 3731.9988   0.00152658
 3733.9963   0.00152658
 3736.0000   0.00162198
 3738.0034   0.00162198
 3739.9990   0.00152658
 3742.0015   0.00171739
 3744.0034   0.00190822
 3745.9976   0.00171739
 3747.9983   0.00162198
 3749.9990   0.00152658
 3751.9985   0.00162198
 3753.9973   0.00171739
 3755.9966   0.00162198
 3758.0024   0.00171739
 3760.0000   0.00171739
 3761.9978   0.00171739
 3764.0007   0.00171739
 3765.9973   0.00171739
 3768.0005   0.00171739
 3770.0027   0.00171739
 3771.9976   0.00162198
 3773.9988   0.00181280
 3775.9995   0.00190822
 3778.0002   0.00190822
 3779.9995   0.00219445
 3781.9990   0.00219445
 3783.9976   0.00238527
 3786.0029   0.00248068
 3788.0015   0.00248068
 3789.9983   0.00248068
 3792.0024   0.00248068
 3793.9985   0.00228986
 3796.0010   0.00238527
 3797.9966   0.00219445
 3799.9985   0.00219445
 3801.9998   0.00209903
 3804.0000   0.00219445
 3806.0005   0.00248068
 3808.0000   0.00267150
 3809.9993   0.00267150
 3811.9976   0.00276691
 3814.0027   0.00286233
 3816.0002   0.00295773
 3817.9971   0.00314855
 3820.0010   0.00314855
 3821.9971   0.00314855
 3823.9998   0.00324397
 3826.0015   0.00333938
 3828.0034   0.00333938
 3829.9971   0.00353020
 3831.9971   0.00353020
 3833.9973   0.00372102
 3835.9963   0.00391184
 3838.0024   0.00400725
 3840.0012   0.00419808
 3841.9985   0.00438889
 3844.0032   0.00457972
 3846.0000   0.00477053
 3848.0034   0.00486595
 3849.9988   0.00515218
 3852.0012   0.00543841
 3854.0027   0.00582005
 3855.9968   0.00610628
 3857.9973   0.00648793
 3859.9971   0.00706039
 3861.9968   0.00763286
 3864.0029   0.00810991
 3866.0010   0.00877779
 3867.9990   0.00935025
 3870.0034   0.01011354
 3872.0002   0.01087683
 3873.9963   0.01154470
 3875.9993   0.01221258
 3878.0012   0.01297586
 3880.0029   0.01392997
 3881.9971   0.01507490
 3883.9980   0.01631524
 3885.9978   0.01765099
 3887.9973   0.01908215
 3889.9961   0.02089496
 3892.0020   0.02299399
 3893.9995   0.02509302
 3895.9963   0.02719206
 3898.0007   0.02967274
 3899.9968   0.03234424
 3901.9995   0.03549279
 3904.0020   0.03873676
 3906.0037   0.04217155
 3907.9976   0.04617880
 3909.9976   0.05066311
 3911.9976   0.05571986
 3913.9971   0.06125370
 3916.0034   0.06745540
 3918.0010   0.07422955
 3919.9990   0.08205324
 3922.0032   0.09073561
 3923.9993   0.10018127
 3926.0024   0.11067647
 3927.9978   0.12241197
 3930.0000   0.13491079
 3932.0012   0.14950863
 3934.0020   0.16486976
 3936.0024   0.18147123
 3938.0022   0.19959927
 3940.0012   0.21896763
 3941.9995   0.24005343
 3943.9971   0.26285657
 3946.0020   0.28670928
 3947.9988   0.31189770
 3950.0022   0.33889896
 3951.9978   0.36714053
 3953.9998   0.39652705
 3956.0015   0.42686766
 3958.0029   0.45806694
 3960.0024   0.48974332
 3962.0029   0.52285081
 3964.0020   0.55509967
 3966.0010   0.58744389
 3967.9990   0.61950195
 3969.9966   0.65098745
 3972.0005   0.68113732
 3973.9966   0.71081007
 3975.9995   0.73857456
 3978.0020   0.76576656
 3979.9968   0.79105043
 3981.9973   0.81538022
 3983.9980   0.83799249
 3985.9983   0.85898286
 3987.9976   0.87758797
 3989.9961   0.89457113
 3992.0010   0.90935975
 3993.9990   0.92309886
 3996.0034   0.93464363
 3997.9998   0.94418466
 4000.0024   0.95267624
 4001.9973   0.96021366
 4003.9993   0.96717864
 4006.0005   0.97309417
 4008.0010   0.97815090
 4010.0010   0.98206276
 4012.0000   0.98578376
 4013.9985   0.98874152
 4015.9966   0.99131763
 4018.0012   0.99236715
 4019.9985   0.99379826
 4022.0015   0.99532485
 4023.9973   0.99666065
 4025.9995   0.99761468
 4028.0010   0.99875963
 4030.0020   0.99942750
 4032.0022   0.99980915
 4034.0022   1.00000000
 4036.0010   0.99933213
 4037.9998   0.99904591
 4039.9978   0.99866426
 4042.0022   0.99818712
 4043.9990   0.99771011
 4046.0022   0.99818712
 4047.9971   0.99780554
 4049.9993   0.99799639
 4052.0005   0.99790090
 4054.0012   0.99790090
 4056.0012   0.99790090
 4058.0005   0.99780554
 4059.9995   0.99685138
 4061.9976   0.99675602
 4064.0024   0.99637437
 4065.9993   0.99542028
 4068.0032   0.99417990
 4069.9988   0.99284416
 4072.0007   0.99084049
 4074.0020   0.98826438
 4076.0034   0.98406637
 4077.9968   0.97872341
 4080.0029   0.97233087
 4082.0093   0.96460259
 4084.0010   0.95467985
 4085.9985   0.94332600
 4088.0024   0.92996848
 4089.9993   0.91479814
 4092.0024   0.89829212
 4093.9973   0.87968701
 4095.9993   0.85812420
 4098.0005   0.83455771
 4100.0005   0.80879682
 4102.0005   0.78112769
 4103.9995   0.75193208
 4105.9985   0.72006482
 4108.0029   0.68648028
 4110.0005   0.65260947
 4111.9971   0.61749828
 4114.0005   0.58219630
 4116.0024   0.54632187
 4117.9971   0.50987500
 4119.9980   0.47419137
 4121.9985   0.43908024
 4123.9980   0.40406448
 4125.9976   0.37114778
 4128.0029   0.33889896
 4130.0010   0.30874914
 4131.9980   0.28050756
 4134.0015   0.25369713
 4135.9976   0.22936743
 4138.0000   0.20704131
 4140.0015   0.18624176
 4142.0029   0.16744585
 4144.0029   0.15027192
 4146.0024   0.13500619
 4148.0015   0.12117163
 4150.0000   0.10848200
 4151.9980   0.09750978
 4154.0020   0.08758706
 4155.9985   0.07852305
 4158.0010   0.07060395
 4160.0029   0.06335273
 4161.9976   0.05686480
 4163.9980   0.05104474
 4165.9985   0.04579717
 4167.9980   0.04083579
 4169.9966   0.03663773
 4172.0020   0.03272589
 4173.9990   0.02910027
 4176.0034   0.02557008
 4177.9990   0.02251693
 4180.0015   0.01955921
 4181.9971   0.01679229
 4183.9976   0.01402538
 4185.9976   0.01154470
 4187.9980   0.00935025
 4189.9971   0.00753745
 4192.0024   0.00601088
 4194.0005   0.00467513
 4195.9971   0.00362561
 4198.0005   0.00276691
 4199.9966   0.00219445
 4201.9985   0.00181280
 4204.0005   0.00143116
 4206.0010   0.00133575
 4208.0005   0.00124034
 4210.0000   0.00114493
 4211.9985   0.00124034
 4213.9966   0.00124034
 4216.0010   0.00114493
 4217.9976   0.00133575
 4220.0005   0.00104952
 4222.0024   0.00104952
 4223.9976   0.00114493
 4225.9985   0.00114493
 4227.9990   0.00104952
 4229.9980   0.00104952
 4231.9971   0.00104952
 4234.0020   0.00104952
 4235.9990   0.00114493
 4238.0024   0.00114493
 4239.9990   0.00114493
 4242.0010   0.00114493
 4244.0029   0.00114493
 4245.9971   0.00114493
 4247.9966   0.00124034
 4250.0034   0.00114493
 4252.0020   0.00114493
 4254.0000   0.00104952
 4255.9980   0.00104952
 4258.0015   0.00104952
 4259.9976   0.00104952
 4261.9995   0.00095400
 4264.0010   0.00085900
 4266.0020   0.00085900
 4268.0020   0.00095400
 4270.0010   0.00104952
 4272.0005   0.00104952
 4273.9985   0.00104952
 4276.0024   0.00104952
 4277.9990   0.00124034
 4280.0015   0.00114493
 4281.9966   0.00114493
 4283.9985   0.00104952
 4285.9985   0.00104952
 4287.9985   0.00095400
 4289.9980   0.00095400
 4291.9966   0.00076300
 4294.0015   0.00095400
 4295.9980   0.00085900
 4298.0015   0.00095400
 4299.9976   0.00095400
 4301.9995   0.00085900
 4304.0000   0.00095400
 4306.0005   0.00095400
 4308.0005   0.00085900
 4309.9995   0.00104952
 4311.9971   0.00104952
 4314.0015   0.00114493
 4315.9985   0.00124034
 4318.0015   0.00124034
 4319.9971   0.00124034
 4321.9980   0.00114493
 4323.9985   0.00104952
 4325.9985   0.00104952
 4327.9980   0.00095400
 4330.0039   0.00104952
 4332.0015   0.00085900
 4333.9980   0.00085900
 4336.0015   0.00095400
 4337.9971   0.00095400
 4339.9990   0.00104952
 4341.9995   0.00104952
 4344.0000   0.00095400
 4346.0000   0.00114493
 4347.9980   0.00114493
 4350.0029   0.00114493
 4352.0010   0.00104952
 4353.9971   0.00085900
 4355.9995   0.00095400
 4358.0015   0.00114493
 4360.0024   0.00104952
 4362.0029   0.00104952
 4364.0024   0.00076300
 4366.0015   0.00095400
 4368.0000   0.00104952
 4369.9976   0.00095400
 4372.0005   0.00085900
 4374.0029   0.00104952
 4375.9980   0.00104952
 4378.0000   0.00124034
 4380.0005   0.00104952
 4382.0000   0.00095400
 4383.9995   0.00095400
 4385.9971   0.00095400
 4388.0015   0.00076300
 4389.9980   0.00085900
 4392.0010   0.00095400
 4394.0024   0.00114493
 4396.0034   0.00124034
 4397.9971   0.00133575
 4399.9971   0.00124034
 4402.0029   0.00133575
 4404.0010   0.00124034
 4405.9985   0.00133575
 4408.0015   0.00124034
 4409.9976   0.00124034
 4411.9985   0.00104952
 4414.0005   0.00104952
 4416.0000   0.00095400
 4418.0000   0.00095400
 4419.9985   0.00085900
 4422.0034   0.00085900
 4424.0005   0.00076300
 4426.0039   0.00095400
 4427.9995   0.00104952
 4430.0010   0.00114493
 4432.0015   0.00124034
 4434.0020   0.00114493
 4436.0015   0.00104952
 4437.9990   0.00114493
 4439.9971   0.00104952
 4442.0010   0.00095400
 4443.9971   0.00104952
 4445.9990   0.00095400
 4448.0005   0.00095400
 4450.0005   0.00104952
 4452.0005   0.00104952
 4453.9995   0.00104952
 4455.9976   0.00114493
 4458.0020   0.00095400
 4459.9980   0.00085900
 4462.0005   0.00085900
 4464.0024   0.00076300
 4466.0034   0.00085900
 4468.0034   0.00076300
 4470.0024   0.00066800
 4472.0010   0.00057200
 4473.9990   0.00057200
 4476.0020   0.00085900
 4477.9985   0.00095400
 4480.0005   0.00085900
 4482.0010   0.00114493
 4484.0015   0.00124034
 4486.0010   0.00124034
 4488.0005   0.00133575
 4489.9980   0.00114493
 4492.0020   0.00095400
 4493.9985   0.00066800
 4496.0005   0.00133575
 4498.0015   0.00000000
