 9955.0000   0.00696039
 9959.9912   0.00682895
 9965.0166   0.00749599
 9970.0059   0.00783297
 9974.9971   0.00849926
 9979.9873   0.00893023
 9985.0088   0.00940775
 9989.9990   0.01065045
 9994.9883   0.01153283
10000.0088   0.01275861
10004.9971   0.01343650
10009.9844   0.01455215
10015.0039   0.01540129
10019.9912   0.01650142
10025.0098   0.01788649
10029.9961   0.01992978
10035.0146   0.02127053
10039.9990   0.02312967
10044.9824   0.02466060
10050.0010   0.02633324
10054.9834   0.02843317
10060.0000   0.02978154
10064.9824   0.03165131
10069.9980   0.03408999
10075.0137   0.03638915
10079.9941   0.03944671
10085.0088   0.04383218
10089.9883   0.04793870
10095.0020   0.05237959
10100.0156   0.05715777
10104.9951   0.06156133
10110.0068   0.06710790
10114.9854   0.07318272
10119.9961   0.07917069
10125.0059   0.08611556
10129.9814   0.09306572
10134.9932   0.10069048
10140.0020   0.10889238
10145.0107   0.11762823
10149.9863   0.12613505
10154.9941   0.13536710
10160.0020   0.14432324
10165.0088   0.15476714
10170.0146   0.16541475
10174.9893   0.17717181
10179.9951   0.18918166
10185.0000   0.20196810
10190.0049   0.21539168
10195.0088   0.23026572
10200.0117   0.24443568
10204.9834   0.25804496
10209.9873   0.27277386
10214.9893   0.28843176
10219.9912   0.30362439
10224.9941   0.31777725
10229.9951   0.33194816
10234.9951   0.34728724
10239.9980   0.36302546
10244.9971   0.37757924
10249.9971   0.39176685
10254.9961   0.40538815
10259.9941   0.42047146
10264.9922   0.43523532
10269.9902   0.44861487
10274.9863   0.46196043
10279.9844   0.47570795
10285.0146   0.48690704
10290.0098   0.50116688
10295.0049   0.51614618
10300.0000   0.53010285
10304.9961   0.54672503
10309.9893   0.56430280
10314.9844   0.58235234
10320.0088   0.60227203
10325.0029   0.62276059
10329.9951   0.64222145
10334.9873   0.66278058
10340.0127   0.68331355
10345.0029   0.70528769
10349.9951   0.72777182
10354.9834   0.75097924
10360.0078   0.77447397
10364.9961   0.79727608
10369.9863   0.82156408
10375.0059   0.84730691
10379.9941   0.87166637
10385.0146   0.89577681
10390.0029   0.91845447
10394.9893   0.93769068
10400.0088   0.95459956
10404.9941   0.96841818
10410.0127   0.97566098
10414.9980   0.98084068
10420.0156   0.98328686
10425.0000   0.98531914
10430.0146   0.98425466
10434.9980   0.98593992
10440.0117   0.98764169
10444.9961   0.99089521
10450.0098   0.99386650
10454.9922   0.99519801
10460.0049   0.99564266
10464.9854   0.99854994
10469.9990   0.99900562
10475.0107   0.99757904
10479.9893   0.99546021
10485.0010   0.99189341
10490.0127   0.99041951
10494.9902   0.99015242
10500.0020   0.98957509
10505.0098   0.98819757
10509.9873   0.98762780
10514.9951   0.98938161
10520.0029   0.98925620
10525.0098   0.99147880
10529.9854   0.99320292
10534.9922   0.99405730
10539.9990   0.99602050
10545.0039   0.99658936
10550.0098   0.99682349
10555.0146   1.00000000
10559.9873   0.99907887
10564.9902   0.99742573
10569.9941   0.99514604
10574.9980   0.99311781
10580.0000   0.99271959
10585.0010   0.99065858
10590.0039   0.98931366
10595.0059   0.98830986
10600.0059   0.98785508
10605.0078   0.98792493
10610.0068   0.98554707
10615.0059   0.98174071
10620.0039   0.97961009
10625.0029   0.97627246
10630.0020   0.97275496
10634.9990   0.96793884
10639.9971   0.96475983
10644.9932   0.96312743
10649.9893   0.96252602
10654.9844   0.95845789
10660.0137   0.95646966
10665.0088   0.95430040
10670.0029   0.95351851
10674.9961   0.95169550
10679.9902   0.95021629
10685.0156   0.94742328
10690.0078   0.94710863
10694.9980   0.94448793
10699.9912   0.94304323
10705.0156   0.94068247
10710.0059   0.93801546
10714.9961   0.93556774
10719.9873   0.93517423
10725.0078   0.93214875
10729.9961   0.93113840
10734.9844   0.92986494
10740.0049   0.92814952
10744.9932   0.92722237
10750.0117   0.92559153
10754.9990   0.92431366
10759.9844   0.92408276
10765.0020   0.92271066
10769.9873   0.92248487
10775.0059   0.92234373
10779.9883   0.92282337
10785.0049   0.92365408
10789.9893   0.92479533
10795.0039   0.92376059
10799.9854   0.92250234
10805.0000   0.92111117
10810.0127   0.91922736
10814.9951   0.91765255
10820.0068   0.91797984
10824.9873   0.91378695
10830.0000   0.91295564
10835.0107   0.91372114
10839.9883   0.91182619
10845.0000   0.91241407
10850.0078   0.91078478
10854.9863   0.90889221
10859.9961   0.90903515
10865.0039   0.90775579
10870.0117   0.90719074
10874.9863   0.90564358
10879.9932   0.90525538
10885.0000   0.90504265
10890.0068   0.90369666
10895.0127   0.90433037
10899.9854   0.90667790
10904.9902   0.90538979
10909.9941   0.90723997
10914.9990   0.90806437
10920.0020   0.90971547
10925.0049   0.91110456
10930.0068   0.91295969
10935.0078   0.91491413
10940.0098   0.91703302
10945.0117   0.91806531
10950.0117   0.91884810
10955.0117   0.92101341
10960.0107   0.92263168
10965.0088   0.92417747
10970.0078   0.92564011
10975.0049   0.92819995
10980.0029   0.93187147
10985.0010   0.93286586
10989.9961   0.93386406
10994.9922   0.93642408
10999.9883   0.93644613
11005.0166   0.93654108
11010.0107   0.93811542
11015.0059   0.93684644
11019.9980   0.93846035
11024.9922   0.93857890
11029.9844   0.93785810
11035.0088   0.93740290
11040.0000   0.93685591
11044.9922   0.93403983
11050.0146   0.93405235
11055.0049   0.93207419
11059.9951   0.93037891
11065.0166   0.92878091
11070.0049   0.92840999
11074.9932   0.92832959
11080.0137   0.92708451
11085.0010   0.92420125
11089.9873   0.92201442
11095.0068   0.91821170
11099.9922   0.91404945
11105.0107   0.91156071
11109.9951   0.90823114
11115.0117   0.90577585
11119.9951   0.90352803
11125.0107   0.89951241
11129.9941   0.89792508
11135.0088   0.89387488
11139.9902   0.88658899
11145.0049   0.87938339
11149.9844   0.87165314
11154.9980   0.86686617
11160.0107   0.86125433
11164.9902   0.85335654
11170.0000   0.84810162
11175.0107   0.84151489
11179.9883   0.83481020
11184.9990   0.82867169
11190.0088   0.81838167
11194.9854   0.80910051
11199.9922   0.80074960
11205.0000   0.78722531
11210.0068   0.77643353
11215.0146   0.76378202
11219.9883   0.75177670
11224.9941   0.73806578
11229.9990   0.72525662
11235.0039   0.71024114
11240.0078   0.69863343
11245.0107   0.68371636
11250.0156   0.66980129
11254.9854   0.65568513
11259.9883   0.64186859
11264.9902   0.62765056
11269.9912   0.61313075
11274.9912   0.59820908
11279.9922   0.58459014
11284.9912   0.56986725
11289.9902   0.55454421
11294.9893   0.54152673
11299.9873   0.52588916
11304.9844   0.51053637
11310.0146   0.49405512
11315.0117   0.47976893
11320.0068   0.46484625
11325.0029   0.44837636
11329.9980   0.43248400
11334.9932   0.41806471
11339.9863   0.40360704
11345.0137   0.39124212
11350.0049   0.37743598
11354.9980   0.36481225
11359.9912   0.35276198
11365.0146   0.33854374
11370.0068   0.32633770
11374.9961   0.31604218
11379.9863   0.30459690
11385.0088   0.29076934
11389.9980   0.27565524
11394.9854   0.26036128
11400.0059   0.24625330
11404.9941   0.23073542
11410.0127   0.21351287
11414.9990   0.19818164
11419.9863   0.18382870
11425.0039   0.17205413
11429.9893   0.16107912
11435.0059   0.15077302
11439.9893   0.14047000
11445.0039   0.13285016
11449.9873   0.12272909
11455.0020   0.11482953
11460.0156   0.10719461
11464.9971   0.10045075
11470.0107   0.09331399
11474.9902   0.08804377
11480.0029   0.08134577
11485.0137   0.07684600
11489.9932   0.07238175
11495.0039   0.06788987
11500.0137   0.06293698
11504.9902   0.05897332
11509.9990   0.05455912
11515.0078   0.05070422
11519.9834   0.04663588
11524.9922   0.04311090
11529.9971   0.03972320
11535.0039   0.03763915
11540.0098   0.03563146
11545.0146   0.03274572
11549.9863   0.02990460
11554.9912   0.02787170
11559.9961   0.02583152
11564.9980   0.02357369
11570.0010   0.02108552
11575.0039   0.01851737
11580.0039   0.01676627
11585.0059   0.01479443
11590.0068   0.01287657
11595.0059   0.01121663
11600.0059   0.00976965
