 6630.0000   0.00000452
 6632.0000   0.00006450
 6634.0000   0.00013834
 6636.0000   0.00021191
 6638.0000   0.00028317
 6640.0000   0.00034472
 6642.0000   0.00038952
 6644.0000   0.00041734
 6646.0000   0.00041955
 6648.0000   0.00040025
 6650.0000   0.00036990
 6652.0000   0.00032681
 6654.0000   0.00028846
 6656.0000   0.00025424
 6658.0000   0.00023517
 6660.0000   0.00023527
 6662.0000   0.00025651
 6664.0000   0.00030688
 6666.0000   0.00037906
 6668.0000   0.00046262
 6670.0000   0.00055821
 6672.0000   0.00064797
 6674.0000   0.00073409
 6676.0000   0.00080220
 6678.0000   0.00084988
 6680.0000   0.00087453
 6682.0000   0.00086790
 6684.0000   0.00084151
 6686.0000   0.00080744
 6688.0000   0.00076607
 6690.0000   0.00073804
 6692.0000   0.00072050
 6694.0000   0.00072913
 6696.0000   0.00076566
 6698.0000   0.00083165
 6700.0000   0.00093376
 6702.0000   0.00106067
 6704.0000   0.00120262
 6706.0000   0.00135826
 6708.0000   0.00150826
 6710.0000   0.00165573
 6712.0000   0.00178126
 6714.0000   0.00188248
 6716.0000   0.00196051
 6718.0000   0.00200854
 6720.0000   0.00204067
 6722.0000   0.00207146
 6724.0000   0.00210038
 6726.0000   0.00214695
 6728.0000   0.00220834
 6730.0000   0.00229641
 6732.0000   0.00241442
 6734.0000   0.00255651
 6736.0000   0.00272504
 6738.0000   0.00291093
 6740.0000   0.00310165
 6742.0000   0.00329758
 6744.0000   0.00347585
 6746.0000   0.00363993
 6748.0000   0.00377137
 6750.0000   0.00386128
 6752.0000   0.00392305
 6754.0000   0.00395769
 6756.0000   0.00397477
 6758.0000   0.00400211
 6760.0000   0.00403486
 6762.0000   0.00409642
 6764.0000   0.00418548
 6766.0000   0.00431345
 6768.0000   0.00448776
 6770.0000   0.00470432
 6772.0000   0.00496465
 6774.0000   0.00526672
 6776.0000   0.00560176
 6778.0000   0.00597354
 6780.0000   0.00635554
 6782.0000   0.00674601
 6784.0000   0.00713277
 6786.0000   0.00749601
 6788.0000   0.00784736
 6790.0000   0.00819926
 6792.0000   0.00854878
 6794.0000   0.00892202
 6796.0000   0.00932090
 6798.0000   0.00974943
 6800.0000   0.01021168
 6802.0000   0.01070835
 6804.0000   0.01124595
 6806.0000   0.01182308
 6808.0000   0.01244366
 6810.0000   0.01310907
 6812.0000   0.01381397
 6814.0000   0.01456495
 6816.0000   0.01534416
 6818.0000   0.01612154
 6820.0000   0.01690370
 6822.0000   0.01767493
 6824.0000   0.01842912
 6826.0000   0.01919356
 6828.0000   0.01997129
 6830.0000   0.02077622
 6832.0000   0.02163668
 6834.0000   0.02254675
 6836.0000   0.02352862
 6838.0000   0.02457607
 6840.0000   0.02571847
 6842.0000   0.02696186
 6844.0000   0.02831907
 6846.0000   0.02982300
 6848.0000   0.03146542
 6850.0000   0.03325669
 6852.0000   0.03520230
 6854.0000   0.03727856
 6856.0000   0.03947687
 6858.0000   0.04179518
 6860.0000   0.04421835
 6862.0000   0.04674957
 6864.0000   0.04939078
 6866.0000   0.05214500
 6868.0000   0.05500073
 6870.0000   0.05795128
 6872.0000   0.06099778
 6874.0000   0.06413285
 6876.0000   0.06735662
 6878.0000   0.07068532
 6880.0000   0.07410981
 6882.0000   0.07766230
 6884.0000   0.08136789
 6886.0000   0.08522338
 6888.0000   0.08926010
 6890.0000   0.09346953
 6892.0000   0.09788840
 6894.0000   0.10252050
 6896.0000   0.10737989
 6898.0000   0.11249156
 6900.0000   0.11785002
 6902.0000   0.12349070
 6904.0000   0.12942158
 6906.0000   0.13560912
 6908.0000   0.14204362
 6910.0000   0.14871897
 6912.0000   0.15561120
 6914.0000   0.16272815
 6916.0000   0.17000572
 6918.0000   0.17743342
 6920.0000   0.18501072
 6922.0000   0.19272383
 6924.0000   0.20057750
 6926.0000   0.20856833
 6928.0000   0.21668252
 6930.0000   0.22498560
 6932.0000   0.23348463
 6934.0000   0.24221162
 6936.0000   0.25124985
 6938.0000   0.26057592
 6940.0000   0.27030602
 6942.0000   0.28045002
 6944.0000   0.29102725
 6946.0000   0.30208227
 6948.0000   0.31359869
 6950.0000   0.32558492
 6952.0000   0.33806106
 6954.0000   0.35093829
 6956.0000   0.36419636
 6958.0000   0.37780452
 6960.0000   0.39164361
 6962.0000   0.40574881
 6964.0000   0.41996327
 6966.0000   0.43427071
 6968.0000   0.44862291
 6970.0000   0.46291476
 6972.0000   0.47717446
 6974.0000   0.49131936
 6976.0000   0.50534689
 6978.0000   0.51924509
 6980.0000   0.53298885
 6982.0000   0.54658890
 6984.0000   0.56004852
 6986.0000   0.57336569
 6988.0000   0.58654922
 6990.0000   0.59960675
 6992.0000   0.61253256
 6994.0000   0.62532127
 6996.0000   0.63797748
 6998.0000   0.65047634
 7000.0000   0.66282254
 7002.0000   0.67499429
 7004.0000   0.68695003
 7006.0000   0.69870228
 7008.0000   0.71020544
 7010.0000   0.72146106
 7012.0000   0.73244774
 7014.0000   0.74312580
 7016.0000   0.75350767
 7018.0000   0.76359117
 7020.0000   0.77337372
 7022.0000   0.78286314
 7024.0000   0.79205847
 7026.0000   0.80096418
 7028.0000   0.80962545
 7030.0000   0.81803876
 7032.0000   0.82622010
 7034.0000   0.83418202
 7036.0000   0.84192431
 7038.0000   0.84948140
 7040.0000   0.85685623
 7042.0000   0.86403614
 7044.0000   0.87102270
 7046.0000   0.87780970
 7048.0000   0.88436770
 7050.0000   0.89071119
 7052.0000   0.89678985
 7054.0000   0.90257192
 7056.0000   0.90807045
 7058.0000   0.91327006
 7060.0000   0.91817427
 7062.0000   0.92277640
 7064.0000   0.92706025
 7066.0000   0.93104517
 7068.0000   0.93477249
 7070.0000   0.93822998
 7072.0000   0.94145882
 7074.0000   0.94446647
 7076.0000   0.94726825
 7078.0000   0.94994247
 7080.0000   0.95247388
 7082.0000   0.95489782
 7084.0000   0.95724076
 7086.0000   0.95948988
 7088.0000   0.96165019
 7090.0000   0.96372461
 7092.0000   0.96569955
 7094.0000   0.96756613
 7096.0000   0.96932942
 7098.0000   0.97099102
 7100.0000   0.97255075
 7102.0000   0.97400981
 7104.0000   0.97536516
 7106.0000   0.97662115
 7108.0000   0.97779429
 7110.0000   0.97887653
 7112.0000   0.97989351
 7114.0000   0.98085749
 7116.0000   0.98176861
 7118.0000   0.98267990
 7120.0000   0.98359168
 7122.0000   0.98450541
 7124.0000   0.98543620
 7126.0000   0.98637730
 7128.0000   0.98730046
 7130.0000   0.98820710
 7132.0000   0.98908883
 7134.0000   0.98993081
 7136.0000   0.99073797
 7138.0000   0.99150109
 7140.0000   0.99221915
 7142.0000   0.99289107
 7144.0000   0.99351209
 7146.0000   0.99408340
 7148.0000   0.99460530
 7150.0000   0.99507004
 7152.0000   0.99549025
 7154.0000   0.99588925
 7156.0000   0.99625832
 7158.0000   0.99662292
 7160.0000   0.99700201
 7162.0000   0.99738437
 7164.0000   0.99776477
 7166.0000   0.99815005
 7168.0000   0.99851918
 7170.0000   0.99885672
 7172.0000   0.99916822
 7174.0000   0.99943519
 7176.0000   0.99965990
 7178.0000   0.99983448
 7180.0000   0.99994630
 7182.0000   1.00000000
 7184.0000   0.99998462
 7186.0000   0.99989545
 7188.0000   0.99973655
 7190.0000   0.99950659
 7192.0000   0.99920011
 7194.0000   0.99884474
 7196.0000   0.99844992
 7198.0000   0.99801600
 7200.0000   0.99758083
 7202.0000   0.99713880
 7204.0000   0.99670380
 7206.0000   0.99629313
 7208.0000   0.99590003
 7210.0000   0.99554396
 7212.0000   0.99522537
 7214.0000   0.99494886
 7216.0000   0.99473023
 7218.0000   0.99456632
 7220.0000   0.99445707
 7222.0000   0.99440676
 7224.0000   0.99441087
 7226.0000   0.99445498
 7228.0000   0.99454468
 7230.0000   0.99466544
 7232.0000   0.99480212
 7234.0000   0.99496084
 7236.0000   0.99512380
 7238.0000   0.99529159
 7240.0000   0.99545777
 7242.0000   0.99560213
 7244.0000   0.99573261
 7246.0000   0.99582994
 7248.0000   0.99588114
 7250.0000   0.99589157
 7252.0000   0.99584550
 7254.0000   0.99574125
 7256.0000   0.99558067
 7258.0000   0.99536234
 7260.0000   0.99508756
 7262.0000   0.99475098
 7264.0000   0.99435228
 7266.0000   0.99389035
 7268.0000   0.99335474
 7270.0000   0.99274260
 7272.0000   0.99206221
 7274.0000   0.99131751
 7276.0000   0.99050534
 7278.0000   0.98964816
 7280.0000   0.98875213
 7282.0000   0.98781598
 7284.0000   0.98685306
 7286.0000   0.98586178
 7288.0000   0.98484415
 7290.0000   0.98380047
 7292.0000   0.98272938
 7294.0000   0.98165464
 7296.0000   0.98057687
 7298.0000   0.97950178
 7300.0000   0.97845691
 7302.0000   0.97744244
 7304.0000   0.97644901
 7306.0000   0.97547424
 7308.0000   0.97451979
 7310.0000   0.97356886
 7312.0000   0.97261190
 7314.0000   0.97165859
 7316.0000   0.97071832
 7318.0000   0.96978527
 7320.0000   0.96887386
 7322.0000   0.96799910
 7324.0000   0.96715510
 7326.0000   0.96634400
 7328.0000   0.96556610
 7330.0000   0.96482170
 7332.0000   0.96411306
 7334.0000   0.96343368
 7336.0000   0.96279961
 7338.0000   0.96222675
 7340.0000   0.96170831
 7342.0000   0.96125573
 7344.0000   0.96088237
 7346.0000   0.96057606
 7348.0000   0.96031100
 7350.0000   0.96009463
 7352.0000   0.95991051
 7354.0000   0.95973194
 7356.0000   0.95956719
 7358.0000   0.95940840
 7360.0000   0.95925200
 7362.0000   0.95909917
 7364.0000   0.95893282
 7366.0000   0.95875502
 7368.0000   0.95855963
 7370.0000   0.95833004
 7372.0000   0.95807505
 7374.0000   0.95777482
 7376.0000   0.95741236
 7378.0000   0.95699590
 7380.0000   0.95650578
 7382.0000   0.95594633
 7384.0000   0.95530772
 7386.0000   0.95454234
 7388.0000   0.95366973
 7390.0000   0.95265085
 7392.0000   0.95143032
 7394.0000   0.95003712
 7396.0000   0.94840622
 7398.0000   0.94649965
 7400.0000   0.94433713
 7402.0000   0.94184756
 7404.0000   0.93902791
 7406.0000   0.93586999
 7408.0000   0.93231112
 7410.0000   0.92836934
 7412.0000   0.92401493
 7414.0000   0.91920578
 7416.0000   0.91396290
 7418.0000   0.90824634
 7420.0000   0.90203661
 7422.0000   0.89534479
 7424.0000   0.88812006
 7426.0000   0.88036060
 7428.0000   0.87206209
 7430.0000   0.86318403
 7432.0000   0.85374081
 7434.0000   0.84370899
 7436.0000   0.83305198
 7438.0000   0.82178152
 7440.0000   0.80989623
 7442.0000   0.79738897
 7444.0000   0.78426403
 7446.0000   0.77054036
 7448.0000   0.75619948
 7450.0000   0.74126947
 7452.0000   0.72583729
 7454.0000   0.70987022
 7456.0000   0.69343126
 7458.0000   0.67662138
 7460.0000   0.65938157
 7462.0000   0.64184070
 7464.0000   0.62410182
 7466.0000   0.60610503
 7468.0000   0.58801043
 7470.0000   0.56987202
 7472.0000   0.55166423
 7474.0000   0.53355747
 7476.0000   0.51554894
 7478.0000   0.49766207
 7480.0000   0.48003295
 7482.0000   0.46262860
 7484.0000   0.44549632
 7486.0000   0.42872062
 7488.0000   0.41226599
 7490.0000   0.39618245
 7492.0000   0.38051718
 7494.0000   0.36524689
 7496.0000   0.35039294
 7498.0000   0.33596522
 7500.0000   0.32195696
 7502.0000   0.30838129
 7504.0000   0.29524556
 7506.0000   0.28253940
 7508.0000   0.27024972
 7510.0000   0.25837639
 7512.0000   0.24691908
 7514.0000   0.23587619
 7516.0000   0.22525416
 7518.0000   0.21503158
 7520.0000   0.20518833
 7522.0000   0.19573200
 7524.0000   0.18665567
 7526.0000   0.17795886
 7528.0000   0.16964221
 7530.0000   0.16167867
 7532.0000   0.15406053
 7534.0000   0.14679128
 7536.0000   0.13985281
 7538.0000   0.13325429
 7540.0000   0.12697989
 7542.0000   0.12099139
 7544.0000   0.11529853
 7546.0000   0.10988638
 7548.0000   0.10472768
 7550.0000   0.09983779
 7552.0000   0.09518726
 7554.0000   0.09074567
 7556.0000   0.08652809
 7558.0000   0.08251038
 7560.0000   0.07867548
 7562.0000   0.07503330
 7564.0000   0.07156195
 7566.0000   0.06825329
 7568.0000   0.06511200
 7570.0000   0.06211694
 7572.0000   0.05926575
 7574.0000   0.05655848
 7576.0000   0.05397614
 7578.0000   0.05152050
 7580.0000   0.04918802
 7582.0000   0.04696345
 7584.0000   0.04484913
 7586.0000   0.04284242
 7588.0000   0.04093653
 7590.0000   0.03913862
 7592.0000   0.03743334
 7594.0000   0.03580412
 7596.0000   0.03425981
 7598.0000   0.03278574
 7600.0000   0.03136731
 7602.0000   0.03001090
 7604.0000   0.02871214
 7606.0000   0.02746570
 7608.0000   0.02627343
 7610.0000   0.02514103
 7612.0000   0.02407515
 7614.0000   0.02307203
 7616.0000   0.02211751
 7618.0000   0.02120876
 7620.0000   0.02034740
 7622.0000   0.01952052
 7624.0000   0.01872442
 7626.0000   0.01796250
 7628.0000   0.01723348
 7630.0000   0.01653558
 7632.0000   0.01587124
 7634.0000   0.01524490
 7636.0000   0.01466368
 7638.0000   0.01411480
 7640.0000   0.01358029
 7642.0000   0.01306539
 7644.0000   0.01256417
 7646.0000   0.01206338
 7648.0000   0.01156092
 7650.0000   0.01106787
 7652.0000   0.01059360
 7654.0000   0.01013234
 7656.0000   0.00969340
 7658.0000   0.00928892
 7660.0000   0.00891790
 7662.0000   0.00857027
 7664.0000   0.00823896
 7666.0000   0.00792820
 7668.0000   0.00763153
 7670.0000   0.00734238
 7672.0000   0.00706299
 7674.0000   0.00679680
 7676.0000   0.00654633
 7678.0000   0.00631043
 7680.0000   0.00608805
 7682.0000   0.00588155
 7684.0000   0.00569107
 7686.0000   0.00550285
 7688.0000   0.00530954
 7690.0000   0.00511599
 7692.0000   0.00491775
 7694.0000   0.00470942
 7696.0000   0.00449413
 7698.0000   0.00428292
 7700.0000   0.00407940
 7702.0000   0.00388077
 7704.0000   0.00369378
 7706.0000   0.00352215
 7708.0000   0.00336289
 7710.0000   0.00321392
 7712.0000   0.00307489
 7714.0000   0.00294604
 7716.0000   0.00282553
 7718.0000   0.00271302
 7720.0000   0.00260878
 7722.0000   0.00251173
 7724.0000   0.00242333
 7726.0000   0.00234208
 7728.0000   0.00226229
 7730.0000   0.00218473
 7732.0000   0.00210856
 7734.0000   0.00202615
 7736.0000   0.00193473
 7738.0000   0.00183730
 7740.0000   0.00173533
 7742.0000   0.00162644
 7744.0000   0.00151328
 7746.0000   0.00140394
 7748.0000   0.00129896
 7750.0000   0.00119772
 7752.0000   0.00110524
 7754.0000   0.00102215
 7756.0000   0.00094771
 7758.0000   0.00088432
 7760.0000   0.00083338
 7762.0000   0.00079335
 7764.0000   0.00076220
 7766.0000   0.00074092
 7768.0000   0.00072850
 7770.0000   0.00072018
 7772.0000   0.00071671
 7774.0000   0.00071741
 7776.0000   0.00071528
 7778.0000   0.00070950
 7780.0000   0.00070093
 7782.0000   0.00068418
 7784.0000   0.00065619
 7786.0000   0.00061965
 7788.0000   0.00057748
 7790.0000   0.00052928
 7792.0000   0.00047518
 7794.0000   0.00042093
 7796.0000   0.00036797
 7798.0000   0.00031488
 7800.0000   0.00026644
 7802.0000   0.00022439
 7804.0000   0.00018722
 7806.0000   0.00015791
 7808.0000   0.00013909
 7810.0000   0.00012941
 7812.0000   0.00012558
 7814.0000   0.00012655
 7816.0000   0.00013365
 7818.0000   0.00014229
 7820.0000   0.00015011
 7822.0000   0.00015936
 7824.0000   0.00016512
 7826.0000   0.00016380
 7828.0000   0.00015766
 7830.0000   0.00014456
 7832.0000   0.00012177
 7834.0000   0.00008920
 7836.0000   0.00005110
 7838.0000   0.00001070
