 8322.5059   0.02259131
 8325.0059   0.02259131
 8327.5068   0.02192688
 8330.0059   0.02574747
 8332.5068   0.03056478
 8335.0059   0.03737538
 8337.5059   0.04219268
 8340.0049   0.04734214
 8342.5039   0.05548167
 8345.0029   0.06362121
 8347.5020   0.07093024
 8349.9990   0.07475083
 8352.4990   0.07990028
 8354.9951   0.08704317
 8357.4941   0.09186047
 8360.0098   0.09501655
 8362.5059   0.10531560
 8365.0029   0.11129563
 8367.4980   0.12026574
 8369.9951   0.13222586
 8372.4912   0.14036539
 8375.0049   0.15415281
 8377.5010   0.17026575
 8379.9961   0.18056479
 8382.4902   0.19518271
 8385.0049   0.21179399
 8387.4990   0.22591363
 8389.9922   0.24435213
 8392.5049   0.26046515
 8394.9990   0.27857143
 8397.4922   0.29667771
 8400.0039   0.31478402
 8402.4971   0.33754155
 8405.0088   0.36029899
 8407.5010   0.38222596
 8409.9932   0.40431899
 8412.5039   0.42823923
 8414.9941   0.45298997
 8417.5049   0.48023251
 8419.9961   0.50581390
 8422.5059   0.52940202
 8424.9961   0.55531555
 8427.5049   0.57890368
 8429.9932   0.60149503
 8432.5020   0.62524921
 8434.9932   0.64684391
 8437.5010   0.66877085
 8440.0088   0.69700998
 8442.4971   0.72209299
 8445.0039   0.74916947
 8447.4922   0.77657807
 8449.9980   0.80415279
 8452.5039   0.82940203
 8454.9922   0.85199344
 8457.4980   0.86810631
 8460.0029   0.88770765
 8462.5088   0.90498346
 8464.9951   0.92026579
 8467.5010   0.93272436
 8470.0049   0.94651163
 8472.5088   0.95614624
 8474.9941   0.96611297
 8477.4980   0.97342205
 8480.0020   0.98272437
 8482.5039   0.98621273
 8485.0068   0.99003327
 8487.4912   0.99335551
 8489.9932   0.99634558
 8492.4951   0.99800670
 8494.9980   1.00000000
 8497.4990   0.99584723
 8500.0010   0.99435228
 8502.5010   0.99169439
 8505.0020   0.99086386
 8507.5029   0.98936880
 8510.0039   0.98720932
 8512.5039   0.98156154
 8515.0039   0.97740859
 8517.5029   0.97624582
 8520.0010   0.97292370
 8522.5000   0.96511626
 8524.9990   0.95863789
 8527.4980   0.95730901
 8529.9961   0.95730901
 8532.4932   0.96245855
 8534.9902   0.96196020
 8537.5068   0.96694350
 8540.0039   0.97707647
 8542.5010   0.98355484
 8544.9980   0.98355484
 8547.4941   0.98338878
 8550.0088   0.98172766
 8552.5039   0.98056483
 8554.9990   0.97774088
 8557.4941   0.97176087
 8560.0088   0.97059810
 8562.5020   0.97325581
 8564.9971   0.97475088
 8567.4912   0.97375417
 8570.0039   0.97508305
 8572.4980   0.97458482
 8575.0088   0.97425252
 8577.5020   0.97159469
 8579.9951   0.97209305
 8582.5059   0.97109646
 8584.9990   0.97225922
 8587.5088   0.97342205
 8590.0010   0.97574759
 8592.4932   0.97890371
 8595.0010   0.98172766
 8597.4932   0.98156154
 8600.0020   0.98521602
 8602.4922   0.98704320
 8605.0010   0.98903650
 8607.4902   0.98903650
 8609.9990   0.98704320
 8612.5059   0.98754162
 8614.9961   0.98704320
 8617.5029   0.98654485
 8619.9912   0.99053162
 8622.4980   0.99102998
 8625.0039   0.99252492
 8627.4922   0.99119604
 8629.9990   0.99036551
 8632.5039   0.98903650
 8634.9912   0.98770767
 8637.4971   0.98305649
 8640.0010   0.98272437
 8642.5059   0.98023254
 8644.9912   0.98239207
 8647.4951   0.98338878
 8649.9990   0.98471767
 8652.5020   0.98289043
 8655.0068   0.98023254
 8657.5088   0.97607976
 8659.9932   0.97176087
 8662.4961   0.97076416
 8664.9980   0.96760809
 8667.4990   0.96245855
 8670.0010   0.95747513
 8672.5020   0.95182723
 8675.0029   0.94784063
 8677.5059   0.94451833
 8680.0059   0.93455160
 8682.5059   0.92674416
 8685.0049   0.91910303
 8687.5039   0.91179413
 8690.0049   0.90265787
 8692.5029   0.89069766
 8695.0020   0.87757480
 8697.5000   0.86495018
 8699.9990   0.85066444
 8702.4961   0.83455157
 8704.9941   0.81744182
 8707.4912   0.80000001
 8710.0088   0.78139532
 8712.5049   0.76411968
 8715.0020   0.74435222
 8717.4971   0.72275746
 8719.9941   0.70083064
 8722.5088   0.67790693
 8725.0039   0.65531558
 8727.4980   0.63737547
 8729.9941   0.61378741
 8732.5059   0.59069765
 8735.0010   0.56827247
 8737.4951   0.54584718
 8740.0078   0.52292365
 8742.4824   0.50083059
 8744.9941   0.47176084
 8747.5068   0.44551501
 8749.9980   0.41926906
 8752.4912   0.39518273
 8755.0020   0.37225911
 8757.4941   0.34916946
 8760.0029   0.32890365
 8762.4961   0.31063122
 8765.0049   0.29318935
 8767.4961   0.27508307
 8770.0039   0.25847176
 8772.4941   0.24019933
 8775.0029   0.22441863
 8777.4932   0.20897005
 8780.0010   0.19152819
 8782.5088   0.17724249
 8784.9971   0.16561458
 8787.5039   0.15033223
 8789.9922   0.13554816
 8792.4980   0.12558140
 8795.0049   0.11229235
 8797.4912   0.10431889
 8799.9971   0.09219269
 8802.5029   0.08305643
 8805.0088   0.07624583
 8807.4941   0.07176074
 8809.9990   0.06395350
 8812.5029   0.05598003
 8815.0068   0.04750828
 8817.4912   0.04368769
 8819.9941   0.03903653
 8822.4990   0.03488372
 8825.0010   0.03089699
 8827.5039   0.02541525
 8830.0059   0.02126245
 8832.5078   0.01810629
 8834.9912   0.01478399
 8837.4932   0.01112955
 8839.9932   0.00764118
 8842.4941   0.00398666
 8844.9941   0.00348837
 8847.4951   0.00249165
 8849.9941   0.00348837
 8852.4951   0.00249165
 8854.9932   0.00507000
 8857.4922   0.00669000
 8859.9912   0.00777000
 8862.4902   0.00843020
 8865.0059   0.00843000
 8867.5039   0.00826407
 8870.0020   0.00813950
 8872.4990   0.00822255
 8874.9961   0.00813950
 8877.4941   0.00801493
 8880.0088   0.00888702
 8882.5039   0.00905313
 8885.0000   0.00946842
 8887.4961   0.00901159
 8889.9922   0.00772421
 8892.5039   0.00722589
